4 0.7355200320069105 0.9676291462731289 0.2348854526972918 0.06474170745374223
4 0.5713087955902785 0.8037881166528147 0.14139002583555574 0.10566636266130089
4 0.6832223416587156 0.5484387248654912 0.2224594943004167 0.1682883794672147
4 0.8164673334905906 0.3712289205305976 0.1542537017473613 0.12180069863085592
4 0.6766969718833337 0.4022176408731023 0.14793096656500015 0.11842103064607841
4 0.5652288757593057 0.20723145163378653 0.2984777868534724 0.21509439528454558
4 0.2718179418668062 0.8134390533834914 0.14171864057694455 0.1868526956651067
4 0.1534296581474659 0.7235396121670092 0.07656380642076392 0.07024351581733086
4 0.5002637180836116 0.5011777698088445 0.17529355357097245 0.153878369581383
4 0.40698257750666694 0.31629875102576427 0.10152743882958344 0.06969968775644109
4 0.27151785619201413 0.3310722223568522 0.08543096656500015 0.11587435079830274
4 0.15903538677722245 0.2937075321289532 0.10018314437666671 0.07901102076024671
4 0.1671901128415279 0.1410600346004111 0.1765638064207639 0.07431820357377186
4 0.17225751291777783 0.05697153608328587 0.1829956443766667 0.08238537155854941
4 0.37905433320625015 0.15593691258475115 0.08274107123840277 0.06737318380210837
4 0.31929616707809033 0.06998748372555866 0.07710932028847228 0.09368101581733079
4 0.3016840137707991 0.6546516438016708 0.10487064437666671 0.07920202174882984
4 0.16389241983097272 0.6029870316346615 0.06533536569131951 0.05729784684397003