4 0.04453125 0.28671875 0.0890625 0.2328125
4 0.21875 0.446875 0.10078125 0.1390625
4 0.47890625 0.32890625 0.15859375 0.21953125
4 0.66171875 0.19140625 0.115625 0.1515625
4 0.625 0.33203125 0.11171875 0.1453125
4 0.815625 0.4390625 0.203125 0.29453125
4 0.196875 0.746875 0.18125 0.1375
4 0.28203125 0.86328125 0.06640625 0.07578125
4 0.51875 0.5109375 0.14765625 0.171875
4 0.7 0.6 0.06484375 0.09921875
4 0.6796875 0.7359375 0.1125 0.0828125
4 0.7125 0.84765625 0.07578125 0.0984375
4 0.865625 0.8359375 0.0671875 0.17421875
4 0.95 0.82890625 0.07421875 0.18203125
4 0.859375 0.62421875 0.0640625 0.08125
4 0.94296875 0.68203125 0.090625 0.07421875
4 0.35703125 0.71328125 0.07578125 0.10390625
4 0.403125 0.85 0.0546875 0.0640625