4 0.3423684675123357 0.9471260864347381 0.23799979991529535 0.09583665188677948
4 0.49237763083592456 0.7682472655059133 0.14488683674699843 0.1040463054894186
4 0.35925650476756166 0.5115235555559255 0.22803253669052861 0.16573997492717538
4 0.21110888915195533 0.33271189693872155 0.1582968893637168 0.12003501834240016
4 0.35387251280124377 0.3653388773426803 0.15186487884037314 0.11672816191590937
4 0.4498011208772782 0.1715995860390266 0.30558068401734034 0.211672252045064
4 0.7936517044993303 0.7813931570343584 0.14805661035393455 0.18525084138279588
4 0.9050981677382147 0.6928498310909686 0.07891322625188976 0.06936977711788864
4 0.5389671205949295 0.46638323713438323 0.1804294945971538 0.15187605172849494
4 0.617473010240995 0.2825417830568904 0.10382222099021768 0.06853470282385157
4 0.7545935786427291 0.29889890578071715 0.08936487884037306 0.11490959765100203
4 0.8644012181476203 0.2628357221571955 0.10280575256024846 0.07786423871722885
4 0.843763952503779 0.11005170295686559 0.1789132262518894 0.07227947994174029
4 0.8318184183734992 0.033009104810391585 0.18561825256024883 0.06601820962078317
4 0.6324092235504664 0.12246208940423889 0.08498121572854575 0.06642663354437942
4 0.6853529420510225 0.041794903009072015 0.08027830517696728 0.08358980601814403
4 0.7507299151779658 0.6222143853267461 0.10749325256024882 0.07800063103709683
4 0.8847640099586463 0.5721425259972615 0.06724768415851479 0.05655152837152997